4,0,304~5,0,304
9,7,286~9,9,286
7,3,180~7,5,180
8,2,265~9,2,265
5,2,43~5,4,43
5,2,344~7,2,344
0,6,261~0,6,263
1,1,232~3,1,232
1,0,22~3,0,22
1,2,14~4,2,14
0,1,317~0,3,317
1,1,243~2,1,243
0,4,161~0,5,161
6,9,95~8,9,95
8,6,32~8,9,32
3,0,137~3,2,137
6,1,304~6,5,304
5,6,301~6,6,301
0,4,326~0,4,329
6,8,316~7,8,316
6,5,98~7,5,98
0,1,142~1,1,142
5,2,356~5,4,356
4,1,306~6,1,306
3,3,308~4,3,308
1,1,358~1,3,358
2,7,345~3,7,345
2,8,166~2,8,168
0,1,82~2,1,82
5,1,67~5,3,67
2,0,160~2,0,162
4,4,279~7,4,279
1,7,37~3,7,37
7,0,56~7,2,56
3,4,23~3,7,23
9,5,96~9,6,96
6,3,73~6,4,73
4,7,208~5,7,208
2,1,2~4,1,2
4,2,101~6,2,101
4,1,227~7,1,227
6,8,167~6,8,169
1,6,255~1,6,256
7,8,179~9,8,179
0,1,38~2,1,38
0,7,338~2,7,338
7,1,222~7,4,222
4,2,12~4,4,12
7,4,56~7,4,59
6,4,355~6,5,355
1,3,142~3,3,142
3,3,188~3,6,188
2,0,307~3,0,307
5,3,348~7,3,348
2,7,302~2,9,302
2,6,58~2,7,58
4,3,129~4,6,129
7,5,89~9,5,89
2,4,235~4,4,235
1,2,112~3,2,112
2,7,139~2,7,142
3,6,195~3,8,195
1,2,134~2,2,134
1,8,5~4,8,5
3,8,20~4,8,20
3,4,325~5,4,325
6,1,328~6,3,328
2,4,76~2,7,76
1,6,150~1,8,150
9,2,306~9,4,306
7,5,59~7,5,62
4,6,350~6,6,350
4,6,33~4,7,33
6,6,27~6,8,27
5,0,1~7,0,1
5,3,3~7,3,3
5,5,2~5,7,2
0,3,154~2,3,154
1,1,229~1,4,229
0,6,72~0,7,72
5,8,39~7,8,39
0,8,238~1,8,238
0,4,261~0,5,261
6,6,35~9,6,35
5,1,96~5,2,96
5,5,224~5,8,224
3,6,179~4,6,179
6,1,54~8,1,54
5,5,205~7,5,205
1,8,338~4,8,338
5,8,183~7,8,183
1,2,24~4,2,24
4,5,131~4,5,133
1,6,155~1,9,155
8,0,94~8,3,94
0,9,305~2,9,305
6,1,63~7,1,63
1,8,257~3,8,257
4,7,228~7,7,228
2,0,242~2,2,242
4,3,109~6,3,109
7,4,183~7,4,186
4,3,171~4,5,171
0,5,328~3,5,328
3,3,50~3,6,50
0,4,291~0,6,291
6,8,173~9,8,173
9,1,203~9,2,203
6,1,84~6,4,84
3,9,343~3,9,345
5,7,313~6,7,313
2,4,316~5,4,316
7,7,81~8,7,81
1,2,83~1,5,83
2,7,134~3,7,134
4,2,338~4,4,338
6,2,323~6,5,323
7,7,277~9,7,277
0,4,321~0,7,321
1,3,33~1,5,33
3,5,3~4,5,3
6,9,283~8,9,283
5,4,357~5,7,357
5,7,232~6,7,232
0,0,223~0,3,223
2,7,181~5,7,181
0,8,157~1,8,157
4,3,227~5,3,227
0,7,73~0,9,73
6,2,140~7,2,140
4,7,370~6,7,370
1,8,269~1,9,269
5,8,21~8,8,21
2,1,79~2,4,79
3,0,116~3,3,116
6,3,365~9,3,365
2,3,353~2,5,353
6,8,24~6,9,24
5,4,134~5,5,134
2,1,63~2,1,65
3,3,55~5,3,55
3,2,360~5,2,360
5,9,220~5,9,222
4,5,229~5,5,229
6,8,208~8,8,208
7,8,313~7,9,313
7,4,295~7,7,295
2,1,259~5,1,259
2,1,147~6,1,147
1,7,129~2,7,129
2,0,191~4,0,191
7,7,108~9,7,108
2,4,137~2,7,137
4,5,130~5,5,130
3,5,72~3,7,72
7,1,192~9,1,192
3,0,177~3,2,177
2,0,150~4,0,150
7,7,241~9,7,241
7,1,238~7,3,238
0,2,162~0,4,162
5,6,177~7,6,177
2,1,116~2,3,116
9,6,316~9,9,316
4,6,139~4,8,139
6,0,302~6,2,302
2,6,105~2,6,105
7,0,144~7,0,146
0,3,222~2,3,222
7,6,62~9,6,62
1,0,8~1,0,8
3,1,9~6,1,9
7,0,150~9,0,150
1,4,200~1,6,200
9,7,283~9,8,283
6,2,362~6,6,362
9,2,307~9,5,307
3,3,331~3,5,331
1,3,138~1,6,138
5,4,102~5,5,102
6,2,147~8,2,147
8,6,194~8,6,195
0,6,33~0,9,33
1,4,209~4,4,209
5,7,274~5,9,274
6,4,120~8,4,120
7,4,359~7,6,359
0,5,308~0,7,308
1,9,16~2,9,16
0,6,309~0,8,309
1,1,145~1,2,145
3,8,224~4,8,224
1,8,128~3,8,128
1,3,120~4,3,120
2,5,2~2,5,4
6,6,220~9,6,220
1,1,345~2,1,345
8,3,289~8,5,289
1,4,131~1,6,131
4,0,52~4,2,52
0,4,79~0,6,79
2,0,31~3,0,31
1,0,66~1,1,66
6,5,267~9,5,267
2,4,108~2,6,108
4,0,347~7,0,347
6,0,78~6,3,78
2,5,53~4,5,53
2,1,18~5,1,18
6,3,324~7,3,324
6,8,333~7,8,333
6,7,2~6,8,2
4,8,337~4,9,337
8,2,96~8,5,96
1,4,9~3,4,9
4,2,260~4,4,260
1,3,135~2,3,135
3,0,305~4,0,305
1,6,115~3,6,115
6,3,332~9,3,332
9,6,78~9,9,78
1,4,3~1,4,6
1,6,57~4,6,57
8,5,236~8,8,236
5,2,100~5,4,100
0,4,322~0,4,325
8,8,2~9,8,2
5,1,52~5,3,52
2,0,75~3,0,75
6,8,238~8,8,238
0,2,225~3,2,225
1,7,259~1,8,259
1,1,37~1,4,37
2,6,319~2,8,319
4,6,148~4,8,148
4,3,141~4,5,141
4,8,166~6,8,166
1,2,135~4,2,135
6,7,214~7,7,214
0,7,332~2,7,332
2,7,39~3,7,39
7,0,143~7,2,143
1,6,241~4,6,241
0,2,76~0,4,76
3,3,290~5,3,290
4,0,267~4,2,267
7,3,343~7,5,343
0,1,156~0,4,156
3,1,4~6,1,4
3,8,105~5,8,105
4,8,332~4,8,333
0,0,141~2,0,141
0,5,260~0,7,260
0,0,246~2,0,246
4,5,26~4,7,26
5,2,263~5,3,263
7,1,270~9,1,270
8,1,264~9,1,264
3,9,138~6,9,138
4,6,75~4,9,75
1,5,59~1,7,59
6,3,169~8,3,169
3,8,18~6,8,18
6,0,98~7,0,98
8,0,214~8,2,214
1,1,16~1,3,16
3,9,49~3,9,49
3,3,305~5,3,305
2,9,199~3,9,199
2,6,255~2,7,255
4,9,14~5,9,14
9,8,245~9,9,245
7,6,52~7,9,52
4,6,329~4,8,329
5,8,275~5,8,275
8,7,245~8,9,245
1,0,362~1,1,362
1,6,159~2,6,159
9,2,65~9,3,65
6,6,94~6,8,94
0,0,28~0,2,28
2,8,29~3,8,29
4,7,203~7,7,203
0,6,154~3,6,154
5,9,219~8,9,219
2,2,137~2,2,137
1,2,245~2,2,245
1,3,225~1,5,225
3,9,312~6,9,312
4,4,310~4,7,310
5,7,184~5,7,185
8,3,36~8,5,36
7,7,59~9,7,59
3,4,216~3,6,216
6,5,37~6,5,39
3,1,297~4,1,297
7,0,100~7,2,100
1,5,74~1,8,74
3,0,345~3,2,345
7,3,308~7,5,308
5,5,342~7,5,342
8,3,227~8,5,227
3,4,54~5,4,54
1,9,158~3,9,158
8,6,4~9,6,4
0,1,233~3,1,233
2,7,194~2,9,194
5,2,25~5,3,25
2,9,100~5,9,100
2,7,251~2,9,251
0,8,152~2,8,152
4,5,86~7,5,86
3,4,244~3,6,244
8,3,174~8,6,174
5,5,246~6,5,246
7,2,3~9,2,3
2,2,95~2,4,95
5,4,136~7,4,136
7,7,111~7,8,111
7,1,71~8,1,71
6,4,282~7,4,282
2,3,295~2,4,295
1,0,76~1,0,77
6,8,246~8,8,246
7,7,290~7,7,293
5,4,360~5,5,360
6,2,299~6,4,299
5,4,306~6,4,306
4,8,309~7,8,309
5,5,319~5,7,319
9,5,92~9,8,92
0,8,260~2,8,260
2,6,289~2,7,289
4,2,138~6,2,138
0,0,40~0,2,40
1,0,146~2,0,146
5,6,327~7,6,327
2,6,283~4,6,283
5,2,201~5,2,204
5,6,289~7,6,289
3,9,36~5,9,36
3,2,255~5,2,255
2,6,10~2,8,10
1,5,293~3,5,293
2,3,213~2,4,213
6,7,62~9,7,62
1,1,94~4,1,94
2,0,70~2,2,70
6,7,191~6,7,193
7,1,170~7,3,170
3,7,67~6,7,67
3,9,273~3,9,273
4,8,195~6,8,195
8,2,41~9,2,41
3,0,51~6,0,51
1,5,220~1,5,220
4,0,94~5,0,94
5,7,135~5,9,135
1,3,232~1,5,232
0,9,36~1,9,36
2,6,111~4,6,111
3,3,27~3,6,27
6,1,347~6,4,347
3,6,4~5,6,4
1,7,161~2,7,161
2,8,222~5,8,222
4,3,203~4,4,203
6,9,172~8,9,172
9,4,177~9,6,177
4,2,55~4,2,58
6,4,216~9,4,216
0,3,343~0,6,343
1,7,187~3,7,187
7,3,189~9,3,189
6,2,146~8,2,146
8,4,80~8,6,80
4,6,183~4,8,183
8,2,190~8,4,190
2,5,49~5,5,49
0,7,28~2,7,28
6,4,51~6,6,51
3,9,188~3,9,190
3,5,156~3,8,156
3,8,186~3,9,186
6,1,172~9,1,172
6,6,48~6,8,48
2,7,61~2,8,61
2,1,118~4,1,118
4,3,10~4,4,10
8,2,262~8,4,262
0,4,3~0,6,3
1,4,354~3,4,354
6,5,63~6,8,63
2,1,343~2,2,343
2,6,229~2,8,229
3,4,220~5,4,220
0,8,40~0,9,40
9,1,1~9,2,1
6,5,319~9,5,319
0,0,5~2,0,5
2,2,313~2,5,313
9,2,154~9,2,156
2,0,263~2,2,263
6,0,81~9,0,81
1,6,270~1,8,270
1,8,129~3,8,129
3,0,236~3,3,236
5,4,246~5,4,248
5,5,310~6,5,310
4,3,312~4,6,312
3,3,64~3,3,65
1,8,276~1,9,276
4,4,275~4,6,275
5,2,366~5,4,366
3,2,175~5,2,175
5,1,212~8,1,212
5,4,332~5,7,332
1,7,344~3,7,344
7,5,361~7,7,361
3,2,176~5,2,176
1,5,28~1,6,28
1,7,70~3,7,70
5,4,337~5,6,337
2,0,183~4,0,183
4,7,254~4,7,255
9,2,39~9,4,39
2,5,22~5,5,22
3,1,291~3,4,291
4,3,225~6,3,225
4,5,168~6,5,168
7,4,356~7,7,356
3,3,176~6,3,176
4,0,269~6,0,269
9,5,1~9,7,1
2,7,317~5,7,317
2,6,55~2,7,55
1,4,103~1,7,103
7,3,24~7,4,24
6,7,295~6,9,295
3,6,252~3,6,255
3,7,65~3,8,65
4,2,102~4,5,102
2,2,219~2,4,219
8,4,146~8,5,146
2,8,150~5,8,150
2,8,18~2,8,20
2,7,27~2,9,27
8,1,189~9,1,189
2,0,147~2,0,149
7,1,91~9,1,91
3,6,289~3,8,289
5,5,95~8,5,95
5,6,115~5,9,115
1,9,156~4,9,156
6,7,41~8,7,41
2,7,267~5,7,267
7,2,353~7,4,353
2,6,101~5,6,101
0,3,237~3,3,237
5,3,369~5,5,369
9,0,2~9,2,2
6,6,178~8,6,178
6,0,218~9,0,218
3,4,58~3,4,60
2,7,269~4,7,269
5,7,365~7,7,365
9,8,214~9,8,216
1,2,208~3,2,208
5,0,307~6,0,307
9,4,99~9,5,99
2,4,245~5,4,245
0,1,85~0,4,85
3,9,276~3,9,280
2,2,257~3,2,257
8,3,240~8,4,240
5,3,217~5,4,217
1,7,331~1,8,331
1,5,208~1,6,208
3,1,15~3,4,15
2,9,47~4,9,47
8,9,170~9,9,170
4,3,358~5,3,358
5,4,171~5,6,171
1,1,204~1,3,204
3,5,176~3,6,176
0,9,220~1,9,220
0,0,312~2,0,312
4,5,331~7,5,331
2,5,270~2,8,270
1,2,305~1,5,305
8,2,216~9,2,216
6,6,294~6,8,294
2,9,102~3,9,102
1,5,290~1,7,290
1,3,74~1,3,75
0,6,161~0,6,163
7,8,255~7,8,258
6,0,19~6,3,19
7,5,268~7,7,268
3,1,47~5,1,47
3,4,41~5,4,41
7,0,262~7,0,262
7,3,41~7,6,41
1,5,85~3,5,85
2,0,314~3,0,314
3,7,340~3,9,340
5,7,288~7,7,288
1,3,127~1,4,127
0,4,88~1,4,88
8,4,123~9,4,123
3,2,59~3,2,62
1,1,348~1,2,348
4,7,4~8,7,4
3,1,54~5,1,54
2,5,261~2,7,261
6,0,177~6,1,177
9,1,309~9,3,309
1,0,359~1,2,359
6,5,188~6,5,190
0,8,197~0,9,197
6,0,215~6,2,215
4,6,257~4,9,257
2,0,50~2,3,50
2,1,212~2,4,212
8,5,330~8,7,330
5,7,266~5,9,266
2,7,108~5,7,108
9,2,115~9,4,115
1,5,160~3,5,160
1,3,38~4,3,38
3,2,130~3,5,130
7,4,233~7,6,233
3,3,9~4,3,9
1,7,329~3,7,329
7,4,94~7,6,94
6,6,315~6,7,315
2,4,134~4,4,134
9,2,337~9,3,337
4,6,113~7,6,113
3,7,220~4,7,220
6,2,44~6,2,45
1,2,40~4,2,40
0,0,145~2,0,145
8,2,40~8,4,40
7,5,353~9,5,353
7,3,104~7,5,104
7,9,53~9,9,53
7,1,14~7,2,14
6,3,1~8,3,1
1,5,128~1,7,128
6,2,62~6,2,65
6,7,76~9,7,76
4,8,84~6,8,84
4,0,157~6,0,157
6,8,253~9,8,253
5,9,168~8,9,168
4,7,212~7,7,212
4,7,3~6,7,3
5,5,290~5,6,290
0,1,30~0,4,30
4,1,51~6,1,51
9,4,158~9,6,158
9,7,315~9,9,315
0,2,9~0,4,9
4,4,234~4,6,234
2,2,318~5,2,318
2,2,204~2,4,204
2,5,299~2,7,299
7,5,56~7,7,56
0,5,159~0,7,159
9,5,178~9,5,179
3,3,337~3,5,337
7,6,7~7,8,7
2,1,351~2,3,351
2,6,69~2,9,69
8,4,42~8,7,42
1,7,266~3,7,266
0,9,44~2,9,44
0,8,66~2,8,66
2,6,266~4,6,266
9,5,181~9,6,181
2,4,28~4,4,28
7,9,93~9,9,93
1,1,325~2,1,325
3,5,333~3,8,333
2,7,252~5,7,252
8,5,331~8,7,331
8,3,287~8,5,287
5,6,151~5,8,151
4,6,36~4,7,36
3,4,30~5,4,30
0,2,357~2,2,357
2,7,341~3,7,341
4,2,51~4,4,51
0,7,336~0,8,336
8,8,255~8,8,258
4,0,89~6,0,89
3,6,264~3,8,264
7,2,106~7,3,106
6,3,269~6,5,269
0,8,17~0,8,20
1,4,64~1,7,64
5,2,103~5,2,105
6,4,336~6,6,336
4,7,29~4,8,29
3,4,281~3,7,281
7,4,121~7,4,123
5,7,210~7,7,210
2,0,142~2,1,142
2,2,205~5,2,205
3,2,261~6,2,261
5,3,258~7,3,258
3,2,170~6,2,170
9,4,243~9,8,243
6,2,303~8,2,303
7,3,228~9,3,228
4,1,175~6,1,175
2,4,327~5,4,327
4,3,320~7,3,320
8,6,211~8,9,211
0,4,334~0,6,334
1,0,354~1,0,357
3,4,162~3,7,162
2,7,25~4,7,25
4,2,307~5,2,307
2,1,149~2,2,149
4,0,49~4,3,49
4,5,82~4,8,82
1,7,273~1,9,273
6,0,216~6,2,216
2,6,172~5,6,172
4,7,58~6,7,58
7,1,334~9,1,334
1,7,145~4,7,145
9,0,266~9,1,266
8,8,87~8,9,87
3,5,182~4,5,182
2,4,214~4,4,214
3,5,185~6,5,185
4,4,346~5,4,346
4,6,242~4,6,244
1,3,26~1,6,26
3,3,296~6,3,296
0,3,98~0,6,98
0,4,287~0,7,287
2,3,216~3,3,216
8,1,100~8,1,101
0,1,319~2,1,319
4,7,61~4,8,61
2,2,51~2,2,52
0,5,95~2,5,95
5,1,208~5,4,208
7,2,223~7,2,225
8,3,114~8,4,114
8,9,183~9,9,183
6,2,155~8,2,155
2,3,268~5,3,268
7,5,315~8,5,315
5,1,266~5,3,266
5,0,86~7,0,86
3,2,284~3,5,284
2,7,85~5,7,85
1,4,363~1,6,363
6,8,322~7,8,322
1,8,193~1,9,193
4,1,357~4,3,357
6,9,167~8,9,167
5,5,311~7,5,311
4,7,229~4,8,229
0,1,5~0,5,5
8,6,180~8,9,180
9,7,41~9,8,41
1,4,56~4,4,56
5,7,33~5,9,33
7,5,274~7,7,274
1,4,213~1,6,213
6,2,47~6,4,47
3,5,247~3,8,247
5,7,107~7,7,107
2,4,300~2,6,300
7,9,252~9,9,252
5,6,253~5,9,253
8,6,243~8,6,244
3,6,99~3,8,99
5,0,11~5,0,12
0,3,332~3,3,332
7,3,239~9,3,239
1,3,117~2,3,117
2,6,35~5,6,35
4,3,293~5,3,293
7,7,182~7,7,183
4,5,105~4,5,107
1,0,72~1,1,72
5,7,333~5,9,333
4,7,80~4,9,80
6,6,45~6,9,45
3,2,317~3,4,317
1,1,294~4,1,294
1,2,123~1,6,123
1,9,98~2,9,98
4,7,70~4,7,72
8,4,81~8,4,81
6,3,353~6,3,355
6,0,71~8,0,71
7,2,196~9,2,196
0,9,223~2,9,223
7,0,42~8,0,42
6,2,60~8,2,60
6,3,261~8,3,261
1,9,271~3,9,271
0,7,172~0,9,172
3,4,213~3,5,213
3,3,299~5,3,299
0,1,250~1,1,250
1,4,260~1,6,260
9,4,269~9,6,269
4,0,16~6,0,16
3,0,140~3,0,141
7,7,217~7,9,217
5,1,97~7,1,97
5,8,298~6,8,298
1,1,201~1,3,201
1,5,364~1,7,364
2,3,3~2,3,6
3,7,7~3,9,7
4,8,161~4,8,163
1,6,79~1,8,79
5,6,114~7,6,114
4,1,360~5,1,360
2,9,82~4,9,82
7,5,101~9,5,101
6,4,349~6,7,349
3,3,311~3,3,313
8,7,84~8,9,84
0,1,101~1,1,101
1,7,191~1,9,191
3,1,303~5,1,303
1,6,100~1,8,100
1,1,226~1,3,226
5,5,153~5,7,153
7,6,245~7,8,245
4,5,114~4,6,114
3,4,210~3,6,210
4,7,193~4,8,193
1,3,149~1,5,149
3,1,58~3,3,58
0,3,241~0,3,243
4,2,41~4,3,41
7,4,327~7,4,327
8,2,306~8,4,306
5,6,205~6,6,205
5,2,219~6,2,219
9,6,339~9,8,339
0,5,330~2,5,330
4,4,47~4,5,47
9,5,273~9,6,273
3,2,217~3,3,217
8,4,63~8,4,64
1,3,155~2,3,155
5,7,233~6,7,233
1,1,65~1,2,65
2,4,127~4,4,127
0,7,10~0,9,10
0,7,333~2,7,333
0,6,15~0,8,15
5,4,133~5,7,133
2,1,260~2,3,260
9,3,62~9,5,62
1,9,274~1,9,274
4,5,244~7,5,244
5,2,71~5,5,71
4,7,31~6,7,31
6,9,98~8,9,98
8,4,242~8,7,242
3,3,238~3,3,241
2,8,230~4,8,230
1,2,202~1,3,202
0,9,226~0,9,226
1,7,250~3,7,250
1,1,63~1,3,63
1,8,279~1,8,281
4,3,196~6,3,196
3,3,202~6,3,202
8,2,5~8,3,5
2,1,258~2,3,258
2,2,240~2,3,240
5,8,49~7,8,49
5,4,160~6,4,160
5,5,232~7,5,232
1,4,75~1,5,75
4,3,265~4,4,265
7,7,237~8,7,237
3,2,343~5,2,343
6,7,235~6,7,235
2,0,348~2,2,348
4,1,3~6,1,3
1,2,262~1,5,262
5,1,211~5,3,211
6,4,354~9,4,354
9,5,94~9,6,94
4,7,102~5,7,102
5,2,199~5,5,199
2,6,95~2,9,95
7,9,66~8,9,66
0,8,132~1,8,132
8,3,229~9,3,229
4,4,18~4,6,18
3,1,234~3,1,234
0,0,3~0,0,3
6,6,298~7,6,298
2,2,88~2,3,88
1,4,203~3,4,203
6,7,328~8,7,328
7,5,304~7,7,304
2,6,256~2,6,257
1,0,247~1,3,247
4,4,240~6,4,240
9,3,40~9,4,40
5,3,295~6,3,295
2,0,152~3,0,152
7,1,219~7,4,219
8,5,291~9,5,291
7,6,300~9,6,300
2,6,156~2,6,158
2,6,135~2,7,135
6,9,298~6,9,301
0,6,100~0,6,100
4,3,59~4,5,59
5,9,276~5,9,277
8,1,18~8,3,18
4,1,96~4,1,99
6,5,34~8,5,34
2,7,157~5,7,157
5,0,245~7,0,245
3,1,113~3,4,113
9,3,292~9,5,292
0,7,13~0,9,13
5,1,24~5,1,28
8,5,332~8,6,332
2,6,92~4,6,92
3,4,211~3,7,211
4,7,57~7,7,57
0,4,131~0,6,131
1,2,298~1,4,298
5,4,187~5,6,187
3,1,240~7,1,240
1,3,70~1,6,70
6,6,104~6,8,104
2,5,264~2,7,264
3,0,186~3,1,186
6,2,254~9,2,254
0,5,307~0,9,307
1,5,15~4,5,15
8,2,24~8,4,24
2,3,61~3,3,61
2,2,310~5,2,310
7,8,280~7,8,283
5,2,241~8,2,241
1,8,343~4,8,343
2,5,296~2,5,298
7,7,233~9,7,233
4,6,89~6,6,89
5,0,248~7,0,248
5,1,90~7,1,90
4,6,303~6,6,303
2,2,139~6,2,139
2,4,262~4,4,262
3,1,252~5,1,252
6,1,364~6,3,364
2,5,266~2,5,268
5,3,174~5,5,174
3,3,287~3,5,287
5,6,156~7,6,156
6,7,46~6,9,46
0,9,49~1,9,49
0,3,80~2,3,80
2,1,322~2,3,322
5,1,269~5,1,271
4,4,166~6,4,166
1,5,257~4,5,257
0,0,188~2,0,188
0,3,333~2,3,333
8,1,8~8,3,8
5,1,94~5,4,94
5,4,1~6,4,1
4,3,204~4,3,204
6,2,188~8,2,188
0,9,310~2,9,310
4,9,26~7,9,26
9,5,354~9,5,355
7,6,180~7,7,180
5,1,82~8,1,82
4,6,93~7,6,93
4,0,92~5,0,92
2,5,102~2,7,102
2,5,131~2,8,131
8,6,22~8,8,22
9,1,257~9,3,257
9,7,279~9,7,281
1,4,35~1,4,35
7,7,165~7,9,165
7,3,82~9,3,82
5,2,349~7,2,349
7,0,148~9,0,148
2,2,224~2,4,224
2,0,24~2,0,26
9,1,308~9,4,308
5,1,307~5,1,309
3,4,157~3,5,157
2,0,361~2,2,361
9,1,197~9,3,197
0,7,193~2,7,193
8,0,98~8,3,98
9,8,246~9,8,247
4,9,77~6,9,77
6,1,12~7,1,12
9,0,152~9,0,154
1,4,29~1,6,29
1,5,78~1,7,78
4,8,232~4,8,233
7,6,334~9,6,334
0,2,315~2,2,315
0,5,169~0,8,169
6,5,351~8,5,351
7,3,183~9,3,183
5,0,250~7,0,250
1,7,300~2,7,300
2,0,311~5,0,311
2,0,23~2,2,23
3,4,335~6,4,335
7,8,67~9,8,67
2,8,320~2,8,323
4,4,328~4,5,328
5,5,202~5,7,202
7,0,261~7,2,261
1,8,8~4,8,8
1,4,136~1,6,136
9,2,334~9,4,334
1,6,251~2,6,251
3,7,104~3,9,104
4,1,120~5,1,120
8,3,172~8,5,172
8,4,219~8,6,219
5,1,112~5,3,112
5,0,302~5,3,302
2,0,117~3,0,117
2,7,321~2,7,323
5,5,263~5,8,263
1,5,288~4,5,288
5,6,88~6,6,88
8,3,290~8,6,290
3,8,70~6,8,70
2,2,354~2,3,354
0,5,102~0,7,102
6,5,29~6,6,29
5,7,80~5,8,80
2,0,315~3,0,315
0,5,218~4,5,218
0,5,136~0,5,137
2,0,28~3,0,28
7,3,206~7,6,206
5,4,112~9,4,112
1,4,146~1,7,146
6,4,360~8,4,360
9,1,67~9,2,67
8,4,192~8,6,192
8,2,31~8,5,31
6,3,79~7,3,79
7,2,88~7,2,90
4,4,211~4,4,211
4,4,213~6,4,213
6,0,252~6,0,254
4,2,264~5,2,264
1,3,210~1,4,210
4,8,53~6,8,53
3,6,102~6,6,102
0,2,128~0,4,128
7,5,105~9,5,105
3,5,137~5,5,137
4,8,137~6,8,137
2,3,292~2,3,294
5,7,312~9,7,312
8,8,25~8,8,27
1,7,218~1,9,218
2,4,116~2,4,118
1,1,40~1,1,43
2,4,278~4,4,278
7,3,140~7,5,140
9,2,4~9,5,4
5,7,78~5,9,78
3,4,326~4,4,326
2,1,62~2,3,62
8,1,95~8,4,95
9,1,335~9,3,335
7,7,24~7,9,24
9,5,159~9,5,161
0,4,135~0,7,135
6,4,78~8,4,78
0,6,74~0,8,74
0,9,29~2,9,29
8,0,73~8,0,74
9,9,289~9,9,292
0,3,289~0,5,289
7,9,255~9,9,255
8,0,100~8,0,101
8,4,160~9,4,160
5,9,63~7,9,63
2,4,163~2,5,163
8,7,86~9,7,86
6,8,211~6,8,214
0,3,33~0,5,33
7,1,269~9,1,269
4,6,272~4,8,272
6,1,271~6,3,271
1,6,321~1,6,323
8,0,104~9,0,104
1,1,96~1,1,98
4,8,50~6,8,50
1,1,21~3,1,21
1,8,2~3,8,2
4,2,253~6,2,253
2,0,115~2,2,115
1,1,53~1,3,53
5,2,214~5,2,217
5,7,12~5,9,12
2,1,143~2,1,145
0,9,32~3,9,32
3,9,347~5,9,347
0,4,99~0,5,99
0,2,239~0,4,239
6,1,81~6,2,81
3,8,68~3,8,69
0,7,132~1,7,132
2,6,220~4,6,220
7,4,305~7,7,305
4,2,258~4,5,258
5,2,218~5,4,218
0,6,164~0,6,166
3,7,136~4,7,136
4,8,15~8,8,15
8,7,65~8,9,65
1,1,219~1,2,219
3,6,219~3,8,219
5,3,70~5,3,70
1,5,326~1,8,326
7,4,176~9,4,176
0,5,340~0,6,340
4,4,341~4,4,343
8,6,238~8,7,238
4,0,7~4,1,7
7,5,3~7,7,3
9,1,92~9,4,92
9,4,38~9,7,38
7,1,255~7,3,255
5,3,322~5,6,322
1,6,125~1,9,125
2,7,260~4,7,260
0,3,73~2,3,73
5,6,306~5,8,306
3,6,308~6,6,308
7,7,207~7,8,207
4,1,246~4,3,246
6,4,169~6,6,169
7,2,193~9,2,193
7,0,61~7,2,61
8,0,88~8,2,88
4,6,328~7,6,328
2,7,73~2,8,73
2,8,226~4,8,226
6,7,231~8,7,231
2,4,36~2,7,36
1,1,197~1,4,197
8,5,145~8,7,145
1,2,3~1,3,3
3,3,195~5,3,195
6,5,107~8,5,107
1,1,262~3,1,262
5,4,51~5,6,51
1,2,355~3,2,355
6,4,165~6,7,165
5,4,101~5,5,101
6,2,42~6,5,42
1,4,166~3,4,166
0,6,286~3,6,286
4,5,84~4,5,85
4,5,240~4,7,240
0,4,332~0,4,332
5,0,243~5,1,243
8,6,38~8,6,40
6,2,168~6,4,168
4,1,68~6,1,68
9,5,287~9,7,287
7,3,236~7,4,236
8,6,315~8,8,315
4,6,86~6,6,86
9,3,94~9,4,94
3,3,189~5,3,189
7,0,217~8,0,217
5,6,267~6,6,267
3,7,164~4,7,164
5,5,324~5,7,324
0,2,17~3,2,17
4,6,302~7,6,302
0,7,243~0,8,243
6,0,84~8,0,84
2,1,152~2,2,152
7,3,61~9,3,61
4,3,242~7,3,242
2,7,238~2,8,238
4,8,237~6,8,237
7,1,187~9,1,187
3,2,249~5,2,249
5,2,22~5,2,24
0,9,312~1,9,312
2,8,63~3,8,63
1,3,134~1,5,134
1,1,347~1,2,347
1,0,302~1,4,302
9,5,106~9,5,108
4,1,93~5,1,93
2,7,15~2,9,15
7,8,330~8,8,330
8,3,60~8,6,60
5,3,327~8,3,327
8,9,34~8,9,34
7,7,91~7,9,91
3,4,248~3,4,250
0,8,236~3,8,236
7,7,334~8,7,334
0,9,43~2,9,43
1,0,1~3,0,1
2,4,292~3,4,292
7,2,326~7,6,326
0,8,159~0,8,162
4,6,235~4,9,235
4,5,371~6,5,371
1,4,73~3,4,73
1,1,216~1,4,216
6,7,44~6,8,44
3,0,312~3,1,312
5,7,311~5,9,311
1,8,12~3,8,12
3,6,131~5,6,131
0,1,130~0,2,130
3,8,142~6,8,142
4,2,243~6,2,243
7,0,241~7,1,241
2,5,179~5,5,179
5,2,150~7,2,150
5,5,227~5,7,227
4,8,64~7,8,64
0,7,39~0,9,39
6,6,147~6,8,147
6,5,1~7,5,1
6,4,232~8,4,232
6,6,28~6,7,28
2,7,348~2,9,348
5,3,351~8,3,351
2,7,147~2,7,148
1,2,234~4,2,234
3,4,72~5,4,72
5,1,100~6,1,100
4,3,21~4,5,21
0,2,157~0,3,157
0,1,25~3,1,25
3,1,6~3,3,6
6,2,331~6,4,331
4,7,162~7,7,162
6,0,244~8,0,244
5,3,175~7,3,175
9,1,70~9,2,70
2,6,61~5,6,61
0,6,53~3,6,53
9,3,303~9,6,303
1,5,222~1,7,222
1,6,61~1,8,61
4,2,171~4,2,172
2,7,159~2,8,159
4,6,336~4,8,336
8,1,186~8,3,186
1,1,300~4,1,300
1,4,30~1,6,30
6,8,5~6,9,5
1,7,268~1,9,268
5,8,310~7,8,310
4,2,365~6,2,365
7,4,37~9,4,37
5,1,21~5,2,21
8,1,57~8,3,57
7,1,274~9,1,274
0,0,244~2,0,244
2,8,4~4,8,4
9,8,3~9,8,5
1,5,299~1,6,299
4,3,223~7,3,223
2,3,91~5,3,91
6,1,332~8,1,332
6,7,297~6,7,299
5,1,250~5,4,250
8,8,212~9,8,212
5,5,139~8,5,139
6,5,291~6,7,291
2,2,228~2,2,230
3,3,106~4,3,106
3,7,184~3,9,184
5,8,72~8,8,72
1,2,200~3,2,200
7,7,176~7,9,176
4,0,345~4,2,345
1,3,296~1,5,296
9,7,95~9,9,95
0,0,43~0,1,43
6,5,325~6,5,328
2,5,233~2,8,233
6,8,182~8,8,182
2,2,341~4,2,341
7,0,97~8,0,97
4,9,280~6,9,280
8,0,39~8,3,39
2,2,110~2,4,110
5,1,74~5,3,74
0,2,241~1,2,241
8,0,69~8,3,69
1,4,206~1,5,206
5,6,265~6,6,265
7,5,345~9,5,345
8,1,330~8,3,330
7,8,249~7,9,249
6,8,143~6,8,146
3,5,263~3,7,263
1,0,51~1,2,51
7,2,197~7,2,199
1,8,188~4,8,188
5,7,101~5,9,101
0,6,155~0,8,155
0,3,34~0,4,34
2,4,38~3,4,38
7,7,279~7,9,279
3,7,6~3,9,6
9,9,1~9,9,2
6,9,90~9,9,90
6,3,75~6,4,75
1,4,71~1,6,71
5,7,363~7,7,363
2,4,113~2,6,113
4,3,317~4,6,317
3,8,72~3,8,72
0,7,241~2,7,241
1,6,3~4,6,3
0,1,157~0,1,158
2,7,163~2,8,163
9,1,271~9,2,271
7,2,152~9,2,152
1,7,109~2,7,109
0,4,8~0,7,8
4,5,138~5,5,138
6,1,110~6,4,110
1,3,360~1,4,360
3,6,84~5,6,84
7,2,239~9,2,239
2,3,256~2,5,256
1,0,73~3,0,73
7,4,217~7,6,217
5,4,159~5,7,159
9,4,272~9,6,272
8,6,75~8,8,75
1,3,148~1,6,148
2,9,52~4,9,52
4,7,368~6,7,368
7,7,243~7,8,243
1,6,151~1,6,153
0,0,351~2,0,351
0,6,339~0,8,339
0,6,320~2,6,320
3,9,11~5,9,11
3,3,293~3,3,295
6,4,225~8,4,225
5,8,23~5,9,23
6,3,273~8,3,273
3,0,237~4,0,237
5,4,235~5,6,235
4,0,8~6,0,8
7,4,115~7,4,117
0,5,293~0,5,295
1,5,24~4,5,24
2,3,291~2,5,291
3,5,45~6,5,45
1,2,132~1,4,132
2,2,359~2,5,359
0,9,52~1,9,52
9,6,64~9,6,66
4,5,242~7,5,242
4,5,314~4,7,314
3,0,220~3,3,220
5,3,243~7,3,243
0,5,171~0,6,171
9,1,117~9,3,117
0,4,67~2,4,67
9,2,200~9,2,201
0,7,157~0,7,157
5,3,48~7,3,48
6,1,16~8,1,16
3,0,23~3,0,26
6,4,286~6,7,286
1,6,249~3,6,249
6,8,9~8,8,9
1,1,49~3,1,49
5,1,171~8,1,171
1,1,321~1,1,323
7,4,55~7,8,55
7,1,179~7,4,179
6,4,284~8,4,284
1,1,235~1,1,237
6,7,61~6,9,61
5,2,66~8,2,66
9,8,94~9,9,94
5,9,116~8,9,116
8,5,4~8,5,6
6,8,209~6,9,209
0,4,333~0,6,333
2,1,223~4,1,223
5,4,97~7,4,97
1,2,62~1,5,62
2,3,328~2,4,328
7,6,70~9,6,70
3,6,293~3,8,293
6,2,86~9,2,86
1,0,309~2,0,309
8,7,329~8,8,329
5,3,72~8,3,72
2,4,132~4,4,132
2,3,7~2,3,10
6,1,87~8,1,87
0,1,104~0,1,104
4,1,22~4,3,22
4,7,261~5,7,261
2,4,253~4,4,253
4,7,273~6,7,273
0,7,71~2,7,71
4,5,142~4,5,143
8,7,7~8,9,7
1,2,265~1,5,265
1,8,47~1,9,47
2,0,248~2,1,248
1,5,234~1,7,234
9,0,242~9,3,242
9,1,261~9,3,261
1,3,86~4,3,86
0,1,321~0,3,321
7,5,38~7,8,38
2,4,266~5,4,266
5,3,103~7,3,103
4,3,2~4,5,2
2,0,32~5,0,32
4,7,206~7,7,206
1,8,30~4,8,30
3,8,159~6,8,159
8,0,4~8,2,4
0,7,42~0,7,44
0,3,56~0,6,56
7,8,319~9,8,319
6,0,178~8,0,178
0,5,67~2,5,67
9,6,337~9,8,337
1,7,184~2,7,184
1,4,195~3,4,195
0,0,165~2,0,165
3,0,154~5,0,154
1,9,256~3,9,256
4,5,186~4,7,186
0,9,253~3,9,253
4,5,72~7,5,72
2,2,93~2,5,93
2,0,180~5,0,180
4,1,230~6,1,230
1,3,336~1,5,336
0,3,143~2,3,143
4,3,354~5,3,354
8,3,9~8,3,11
5,3,131~5,5,131
8,5,30~8,8,30
1,1,71~3,1,71
6,7,271~9,7,271
3,3,133~6,3,133
4,7,84~6,7,84
0,6,230~2,6,230
0,5,288~0,7,288
1,9,161~1,9,161
5,2,53~7,2,53
6,4,237~8,4,237
1,3,152~4,3,152
0,6,219~1,6,219
0,6,16~0,8,16
5,6,95~7,6,95
8,5,142~8,8,142
4,3,344~4,6,344
8,5,3~8,7,3
2,7,190~6,7,190
7,4,310~7,4,313
3,6,74~3,8,74
3,3,192~3,6,192
8,5,67~8,7,67
2,0,158~2,3,158
3,8,158~6,8,158
6,4,4~6,4,6
9,0,5~9,0,6
2,9,10~3,9,10
7,1,259~9,1,259
9,6,71~9,8,71
7,6,117~9,6,117
6,6,234~7,6,234
3,6,238~5,6,238
1,6,254~1,8,254
1,6,216~1,8,216
1,6,98~4,6,98
6,1,18~6,4,18
7,5,313~7,5,314
5,1,251~6,1,251
8,4,230~9,4,230
7,3,21~9,3,21
4,3,214~6,3,214
7,8,252~9,8,252
2,4,13~2,6,13
1,8,76~2,8,76
8,0,58~8,2,58
3,8,295~3,8,297
0,0,186~2,0,186
6,4,339~6,5,339
1,1,69~3,1,69
3,6,118~3,9,118
6,8,172~8,8,172
2,6,291~5,6,291
3,5,231~6,5,231
4,2,305~5,2,305
4,6,178~4,9,178
5,0,15~7,0,15
2,5,319~4,5,319
0,9,196~2,9,196
6,9,79~8,9,79
5,7,325~7,7,325
1,0,140~1,3,140
1,2,233~3,2,233
7,6,157~9,6,157
3,6,175~5,6,175
7,6,79~7,8,79
5,5,265~7,5,265
1,1,224~4,1,224
6,5,309~8,5,309
0,4,126~2,4,126
5,0,44~5,2,44
0,6,257~1,6,257
2,0,19~2,1,19
4,2,105~4,4,105
7,5,318~7,7,318
9,5,305~9,6,305
8,4,7~8,6,7
